ID,NAME,LAT,LONG,ELEVATION
1,precipitation1,22.41682132,99.60708891,1340.77600097656
2,precipitation2,22.18827428,99.74240883,1264.29968261719
3,precipitation3,22.21997559,101.68441252,1143.11096191406
4,precipitation4,22.31201739,101.79965274,796.218322753906
5,precipitation5,22.26631627,102.0807464,1024.99340820312
6,precipitation6,22.08102939,101.67267651,845.641784667969
7,precipitation7,22.07490975,101.78396331,853.119018554688
8,precipitation8,22.06031373,102.01553496,702.269836425781
9,precipitation9,22.03456186,101.80663857,733.593078613281
10,precipitation10,21.95632634,101.78932756,863.111755371094
11,precipitation11,22.33137131,99.958898,979.878479003906
12,precipitation12,21.92565806,100.08822938,1227.68408203125
13,precipitation13,21.97013881,99.81630109,1139.61938476562
14,precipitation14,21.91002057,99.97839453,847.450317382812
15,precipitation15,22.04720279,99.58783576,1200.37976074219
16,precipitation16,21.85681046,99.74204405,966.599975585938
17,precipitation17,21.96851182,99.39972545,1601.55712890625
18,precipitation18,21.81642275,99.5291446,1285.21862792969
19,precipitation19,21.90961841,99.56049665,969.358520507812
20,precipitation20,21.73373117,99.67963363,1039.25219726562
21,precipitation21,21.8485122,101.97713238,802.730041503906
22,precipitation22,21.96017449,102.32031658,518.222839355469
23,precipitation23,21.78013648,102.19549021,418.146759033203
24,precipitation24,21.69956007,102.03780486,841.26513671875
25,precipitation25,21.79751189,99.94931321,910.306396484375
26,precipitation26,21.74014054,100.08405937,1102.23669433594
27,precipitation27,21.78150266,100.22591957,1040.16455078125
28,precipitation28,21.76643617,102.48794009,879.740478515625
29,precipitation29,21.76362897,102.5813847,949.060363769531
30,precipitation30,21.61636749,99.86760318,873.311401367188
31,precipitation31,21.66791044,102.18070251,1036.18676757812
32,precipitation32,21.62139106,102.2956328,667.395263671875
33,precipitation33,21.66036304,102.40452762,609.38818359375
34,precipitation34,21.67110997,99.43704587,973.104736328125
35,precipitation35,21.56843011,100.11238698,1107.12243652344
36,precipitation36,21.61650577,100.27868414,1212.66003417969
37,precipitation37,21.40052813,99.58222836,791.793640136719
38,precipitation38,21.47780858,100.25519019,817.477661132812
39,precipitation39,21.6242487,101.88670063,973.025207519531
40,precipitation40,21.48806985,101.84172856,713.99365234375
41,precipitation41,21.48692339,102.11012094,904.340087890625
42,precipitation42,21.39616714,101.9185216,655.062805175781
43,precipitation43,21.50104082,102.34838134,1120.92797851562
44,precipitation44,21.38492274,102.00094214,704.0302734375
45,precipitation45,21.23097663,99.54214215,1453.17138671875
46,precipitation46,21.34537873,101.83737592,962.905517578125
47,precipitation47,21.40005971,100.55666705,815.679931640625
48,precipitation48,21.25987989,99.70514993,1172.92004394531
49,precipitation49,21.35425473,99.95441507,1613.63293457031
50,precipitation50,21.37383756,100.96833602,795.280029296875
51,precipitation51,21.25977945,101.96160118,867.479248046875
52,precipitation52,21.31030766,102.17233683,814.12841796875
53,precipitation53,21.42948007,103.04912585,510.276092529297
54,precipitation54,21.29927218,102.36218978,413.978637695312
55,precipitation55,21.42593222,102.5693589,798
56,precipitation56,21.18732934,103.06619336,511.411010742188
57,precipitation57,21.21920016,100.71762018,739.709289550781
58,precipitation58,21.1168497,100.81329951,1058.9990234375
59,precipitation59,21.18855686,100.38256394,546.0966796875
60,precipitation60,21.09874826,100.38211429,700.236755371094
61,precipitation61,21.15586861,100.19662042,1026.35412597656
62,precipitation62,21.12723595,102.15695543,668.26123046875
63,precipitation63,21.16814358,102.48401896,471.331329345703
64,precipitation64,21.02934569,100.18801806,673.200012207031
65,precipitation65,21.05612067,100.46249384,750.686279296875
66,precipitation66,21.06757509,100.62950119,442.227172851562
67,precipitation67,21.06489402,102.57754788,471.050994873047
68,precipitation68,21.23988249,102.79298024,459.091094970703
69,precipitation69,21.03296043,102.37216017,721.162170410156
70,precipitation70,21.07496169,101.39473715,742.350708007812
71,precipitation71,21.04695069,101.60674802,787.108764648438
72,precipitation72,20.97450848,102.63485996,652.65087890625
73,precipitation73,21.06522302,102.8594044,516.381042480469
74,precipitation74,20.99380609,100.95366032,856.792785644531
75,precipitation75,21.0399832,99.79597765,1183.74719238281
76,precipitation76,20.92173654,100.52357149,594.415161132812
77,precipitation77,20.82486876,99.93946094,575.557739257812
78,precipitation78,20.96236745,100.00161485,738.009582519531
79,precipitation79,20.88909892,100.68499786,741.013549804688
80,precipitation80,20.95983792,102.21574009,550.040832519531
81,precipitation81,20.91092898,101.48190116,779.214782714844
82,precipitation82,21.02205994,101.964662,834.936767578125
83,precipitation83,20.85012388,99.74074235,960.570739746094
84,precipitation84,20.8438877,100.63610416,578.449584960938
85,precipitation85,20.95857421,102.93570158,861.969116210938
86,precipitation86,20.87807474,102.64496528,734.535766601562
87,precipitation87,20.8418369,102.72541209,386.584655761719
88,precipitation88,20.79131243,102.84327056,568.325439453125
89,precipitation89,20.84073667,101.24084976,710.451721191406
90,precipitation90,20.84681953,100.1513877,827.086059570312
91,precipitation91,20.82044126,100.81415711,522.094116210938
92,precipitation92,20.81732196,101.0414228,839.122619628906
93,precipitation93,20.84947905,101.5178791,735.760009765625
94,precipitation94,20.75173559,100.22913803,384.874969482422
95,precipitation95,20.8331357,100.38002861,409.234436035156
96,precipitation96,20.87056359,101.73225845,580.606689453125
97,precipitation97,20.7409209,100.05026791,500.423370361328
98,precipitation98,20.84431791,99.47726356,1042.06396484375
99,precipitation99,20.6069918,99.60491426,1175.22045898438
100,precipitation100,20.81438663,103.09050114,866.476013183594
101,precipitation101,20.71632472,100.62250125,483.136169433594
102,precipitation102,20.66055018,100.42116401,617.21630859375
103,precipitation103,20.7126303,101.99275663,815.788208007812
104,precipitation104,20.65136209,101.03494161,751.265686035156
105,precipitation105,20.62939823,103.19437019,1184.14367675781
106,precipitation106,20.59092729,100.60547789,560.432739257812
107,precipitation107,20.72650664,102.33788786,1086.35485839844
108,precipitation108,20.70189981,101.41217765,635.686218261719
109,precipitation109,20.68751293,101.70569913,852.431457519531
110,precipitation110,20.61835026,102.53985166,354.181640625
111,precipitation111,20.52891853,102.30925579,849.490661621094
112,precipitation112,20.57548545,101.42674043,554.635925292969
113,precipitation113,20.5813338,101.64340494,972.725952148438
114,precipitation114,20.66565349,102.69554587,821.280029296875
115,precipitation115,20.67960585,99.74409215,1111.34448242188
116,precipitation116,20.6228158,99.95087924,521.338439941406
117,precipitation117,20.54816645,101.29801357,856.130676269531
118,precipitation118,20.52693335,101.45753091,644.430053710938
119,precipitation119,20.52900433,102.57397614,359.144104003906
120,precipitation120,20.60372998,102.87971841,506.442474365234
121,precipitation121,20.59889742,103.01779154,835.28173828125
122,precipitation122,20.42346335,102.64232413,735.625549316406
123,precipitation123,20.4977639,100.28217133,616.2470703125
124,precipitation124,20.50500631,100.75078822,578.1171875
125,precipitation125,20.45369822,99.966437,369.568145751953
126,precipitation126,20.58241075,100.19045611,843.049011230469
127,precipitation127,20.50943866,101.99256147,905.166076660156
128,precipitation128,20.49206236,102.11035621,741.621948242188
129,precipitation129,20.44384694,100.3988325,531.124450683594
130,precipitation130,20.39361346,100.45921142,455.559173583984
131,precipitation131,20.41442715,100.85107345,537.601257324219
132,precipitation132,20.49064273,101.73057206,713.505981445312
133,precipitation133,20.41589922,101.81158984,854.034118652344
134,precipitation134,20.43096777,99.68138481,658.416137695312
135,precipitation135,20.30527741,100.22744151,366.370025634766
136,precipitation136,20.31113638,100.18685914,356.18896484375
137,precipitation137,20.33828613,100.09083955,349.836395263672
138,precipitation138,20.30119043,100.14658426,360
139,precipitation139,20.31010534,100.01859971,372.633026123047
140,precipitation140,20.42375576,101.30039421,460.325347900391
141,precipitation141,20.36990942,101.48954565,731.202514648438
142,precipitation142,20.43816555,102.47786505,516.679748535156
143,precipitation143,20.2231632,100.03745689,367.662841796875
144,precipitation144,20.2435929,100.16651595,368.586059570312
145,precipitation145,20.25643689,99.68767162,665.026000976562
146,precipitation146,20.273742,100.40529326,362.642150878906
147,precipitation147,20.27112305,101.17432617,452.233520507812
148,precipitation148,20.1859988,100.4147654,349.108612060547
149,precipitation149,20.14394414,100.17720636,488.546203613281
150,precipitation150,20.18937487,100.49302771,441.923309326172
151,precipitation151,20.15162214,99.78805619,584.798461914062
152,precipitation152,20.44789566,99.28366256,595.662231445312
153,precipitation153,20.21445829,99.45062035,621.752380371094
154,precipitation154,20.30860383,101.95477787,701.587036132812
155,precipitation155,20.14302184,101.17699099,611.815246582031
156,precipitation156,20.25750554,100.83375396,506.938842773438
157,precipitation157,20.31774096,102.20504253,497.652770996094
158,precipitation158,20.07035285,100.26829884,367.786010742188
159,precipitation159,20.35453175,102.83222444,757.2109375
160,precipitation160,20.33553417,103.07914552,684.173461914062
161,precipitation161,20.17328398,101.74246537,923.691101074219
162,precipitation162,20.08084236,100.84921681,492.956848144531
163,precipitation163,20.0847732,99.34414105,527.832824707031
164,precipitation164,20.24794401,100.57690235,367.039855957031
165,precipitation165,20.12227188,100.64473811,409.947052001953
166,precipitation166,20.12812246,102.85595111,398.984008789062
167,precipitation167,19.99719325,100.47005518,405.811584472656
168,precipitation168,20.22649344,102.38903366,782.536010742188
169,precipitation169,20.04624756,99.96923482,376.76220703125
170,precipitation170,20.06947545,103.0506484,501.924591064453
171,precipitation171,19.95156565,99.98697388,381.729736328125
172,precipitation172,20.15727382,103.26052091,1009.99096679688
173,precipitation173,20.08528979,103.39853041,973.208923339844
174,precipitation174,19.98368988,99.29737517,448.388793945312
175,precipitation175,19.9865996,99.11651322,898.578002929688
176,precipitation176,20.11180747,102.49352942,675.9443359375
177,precipitation177,20.01092519,102.20640363,421.331695556641
178,precipitation178,19.99759568,102.25436317,298.892303466797
179,precipitation179,19.97403408,99.64781393,585.406494140625
180,precipitation180,19.96602863,102.54827997,610.856506347656
181,precipitation181,19.81478243,99.9459149,390.800964355469
182,precipitation182,20.1042638,101.41351112,471.615692138672
183,precipitation183,19.94157911,100.30413662,361.2724609375
184,precipitation184,19.94580884,102.11080572,439.68798828125
185,precipitation185,19.87911375,102.08156895,285.830902099609
186,precipitation186,19.86113708,100.10168666,412.557830810547
187,precipitation187,19.96329392,103.29972288,766.514831542969
188,precipitation188,20.01406734,101.90120603,474.563903808594
189,precipitation189,19.96688881,101.56429105,662.558654785156
190,precipitation190,19.85582292,101.61848562,306.293792724609
191,precipitation191,19.7975859,99.73442596,412.621551513672
192,precipitation192,19.91669857,100.57811708,312.925109863281
193,precipitation193,19.89025972,100.88396893,420.118865966797
194,precipitation194,19.85974331,101.21002881,609.182495117188
195,precipitation195,19.82455206,101.43181249,459.770690917969
196,precipitation196,19.88613,103.12406144,1243.99230957031
197,precipitation197,19.7981369,101.24639269,502.616546630859
198,precipitation198,19.74019354,101.62500541,614.987854003906
199,precipitation199,19.74682478,99.18542826,513.016235351562
200,precipitation200,19.84611275,102.6951215,998.597290039062
201,precipitation201,19.82548096,103.46509641,1135.07836914062
202,precipitation202,19.76597615,101.14784382,611.844787597656
203,precipitation203,19.79726793,102.85568242,628.804870605469
204,precipitation204,19.8313338,102.41764772,961.828125
205,precipitation205,19.68674423,101.35187344,676.921508789062
206,precipitation206,19.73808986,103.03216664,777.707946777344
207,precipitation207,19.76999635,102.16894091,349.423431396484
208,precipitation208,19.84090316,99.48973833,864.109741210938
209,precipitation209,19.70237035,100.21964288,418.394866943359
210,precipitation210,19.76661766,100.3391253,668.284423828125
211,precipitation211,19.67046803,100.5663264,899.796508789062
212,precipitation212,19.72181876,102.28981793,464.189727783203
213,precipitation213,19.7354215,102.63608293,887.491638183594
214,precipitation214,19.64856066,101.14409193,651.301025390625
215,precipitation215,19.66217051,102.39101367,800.492065429688
216,precipitation216,19.67102441,100.85660396,666.957763671875
217,precipitation217,19.70421628,101.74952317,550.772521972656
218,precipitation218,19.79550572,101.95527752,595.953796386719
219,precipitation219,19.64919673,102.57681783,896.014038085938
220,precipitation220,19.61717121,102.72214012,1140.96740722656
221,precipitation221,19.65110512,102.19481328,464.617126464844
222,precipitation222,19.53413052,102.03374383,650.230346679688
223,precipitation223,19.53489518,102.52471495,1015.45306396484
224,precipitation224,19.63367367,99.69411879,456.850677490234
225,precipitation225,19.52203666,100.36707806,414.070129394531
226,precipitation226,19.60020744,99.44341778,521.105773925781
227,precipitation227,19.48786153,102.24501355,875.039916992188
228,precipitation228,19.40075307,99.38929604,717.613708496094
229,precipitation229,19.61003509,103.13357407,1100.05981445312
230,precipitation230,19.60122099,99.92239516,480.377166748047
231,precipitation231,19.61974732,100.0888355,371.524444580078
232,precipitation232,19.45324886,103.16100183,1094.37060546875
233,precipitation233,19.43667458,99.81236749,400.483978271484
234,precipitation234,19.41855414,100.16897137,374.078796386719
235,precipitation235,19.55773303,102.79866415,1379.50842285156
236,precipitation236,19.51366617,101.49203568,710.8583984375
237,precipitation237,19.41881029,102.72313249,780.065185546875
238,precipitation238,19.40533447,102.88644594,841.804565429688
239,precipitation239,19.35683345,102.58669571,1102.52551269531
240,precipitation240,19.37559038,101.3081128,1341.55126953125
241,precipitation241,19.35634062,101.4775108,747.731140136719
242,precipitation242,19.19998026,101.3180088,1002.69500732422
243,precipitation243,19.30900981,100.01517266,377.266632080078
244,precipitation244,19.22685984,99.4555199,855.861450195312
245,precipitation245,19.08476822,100.05230945,411.529876708984
246,precipitation246,19.32525987,101.69250605,312.859283447266
247,precipitation247,19.24524635,99.80173639,401.342712402344
248,precipitation248,19.27498204,103.19675261,949.890563964844
249,precipitation249,19.32819119,103.38478056,1066.74096679688
250,precipitation250,19.19246878,99.94566638,392.285614013672
251,precipitation251,19.17889759,101.60101625,305.762176513672
252,precipitation252,19.0287246,99.91636274,488.796630859375
253,precipitation253,19.17024971,101.72239196,505.372039794922
254,precipitation254,19.43896121,101.85254971,333.566986083984
255,precipitation255,19.144476,103.14669843,753.211853027344
256,precipitation256,19.1891386,103.38948755,1167.7666015625
257,precipitation257,19.22747754,102.82397353,717.919616699219
258,precipitation258,19.0813596,102.99287617,1014.14691162109
259,precipitation259,19.03994033,103.33905648,542.072509765625
260,precipitation260,19.16552153,103.54554521,1137.18994140625
261,precipitation261,19.06724279,101.80201901,205.413558959961
262,precipitation262,18.99904193,101.43278759,483.429595947266
263,precipitation263,19.1077952,101.48534462,435.527404785156
264,precipitation264,18.92387064,101.51372251,345.676208496094
265,precipitation265,18.92923383,101.64721003,313.899658203125
266,precipitation266,18.96508108,102.67098973,395.837219238281
267,precipitation267,19.03590511,102.78837408,774.575744628906
268,precipitation268,19.07184548,103.66656791,1827.50170898438
269,precipitation269,19.00369997,103.7883534,627.303344726562
270,precipitation270,18.89606301,101.76555538,358.347625732422
271,precipitation271,19.12918933,101.98535599,756.299377441406
272,precipitation272,18.98449842,104.20465428,414.982818603516
273,precipitation273,18.87498524,102.7862976,496.956848144531
274,precipitation274,18.89462292,102.9339423,725.703125
275,precipitation275,18.84363842,101.3684255,839.108093261719
276,precipitation276,18.85685934,101.83098206,308.574951171875
277,precipitation277,18.87073478,101.96461007,388.481689453125
278,precipitation278,18.88627211,104.45147926,888.424133300781
279,precipitation279,18.88092828,103.27418641,1043.10693359375
280,precipitation280,18.90140384,103.46961611,341.027038574219
281,precipitation281,19.09292361,102.20884146,778.522216796875
282,precipitation282,18.79389006,102.75615681,983.404602050781
283,precipitation283,18.8059903,103.02315684,1251.24731445312
284,precipitation284,18.74252686,101.68707999,442.102630615234
285,precipitation285,18.76106878,101.83126071,280.661926269531
286,precipitation286,18.79362624,104.21017247,570.059997558594
287,precipitation287,18.75313664,104.35419582,429.977478027344
288,precipitation288,18.63654518,102.0505463,224.856918334961
289,precipitation289,18.97123527,102.43272991,580.544006347656
290,precipitation290,18.66190437,102.21015858,505.992004394531
291,precipitation291,18.79480947,104.04406864,753.200378417969
292,precipitation292,18.68483546,104.25685424,518.5234375
293,precipitation293,18.69137753,103.42710397,284.420166015625
294,precipitation294,18.77275916,103.57222427,273.882507324219
295,precipitation295,18.63291224,102.67727014,200
296,precipitation296,18.74513753,102.55985531,236
297,precipitation297,18.57782134,102.61475509,200
298,precipitation298,18.61122788,102.97462488,484.044189453125
299,precipitation299,18.67241374,101.5028619,376.333953857422
300,precipitation300,18.60734805,104.44904949,452.315368652344
301,precipitation301,17.42670963,103.81495458,155.444808959961
302,precipitation302,17.4608724,101.92827476,316.929992675781
303,precipitation303,17.37048901,101.74920992,240.776153564453
304,precipitation304,17.39119491,101.83044299,284.802062988281
305,precipitation305,17.3363268,105.47329094,161.12321472168
306,precipitation306,17.38376247,104.82332215,149.055847167969
307,precipitation307,17.33942717,103.56221511,186.845886230469
308,precipitation308,17.39295883,104.08134699,147.681625366211
309,precipitation309,17.35503836,104.62943278,154.908920288086
310,precipitation310,17.35848448,103.30936699,179.295135498047
311,precipitation311,17.17858576,101.86217661,292.299865722656
312,precipitation312,17.29484915,104.79458398,146.970001220703
313,precipitation313,17.21846477,101.15465853,603.99658203125
314,precipitation314,17.33478901,105.96682208,292.719451904297
315,precipitation315,17.22028083,104.68674236,147.251693725586
316,precipitation316,17.23660134,103.75571318,182.726150512695
317,precipitation317,17.30596928,102.58988211,198.31330871582
318,precipitation318,17.21330482,104.80345869,124
319,precipitation319,17.25864602,104.8670791,155.720855712891
320,precipitation320,17.28574355,105.84536968,430.172912597656
321,precipitation321,17.16636165,106.2408598,431.465301513672
322,precipitation322,17.20700109,104.13092544,160.866775512695
323,precipitation323,17.07920098,104.15192608,161.276306152344
324,precipitation324,17.09056338,103.89804896,205.37841796875
325,precipitation325,17.0325027,103.77800159,239.508224487305
326,precipitation326,18.35544444,103.73094181,163.825561523438
327,precipitation327,18.29444384,101.90234078,359.183502197266
328,precipitation328,18.42587957,103.8446257,154.304916381836
329,precipitation329,18.53257875,104.00457581,329.054382324219
330,precipitation330,18.30777426,104.04200049,159.519989013672
331,precipitation331,18.37299805,104.11061969,433.114074707031
332,precipitation332,18.25600662,102.37197143,275.379150390625
333,precipitation333,18.332456,102.48126578,166.057968139648
334,precipitation334,18.32034506,103.90664776,163.726348876953
335,precipitation335,18.3626122,103.79691726,164.05419921875
336,precipitation336,18.37254548,104.50073032,538.6953125
337,precipitation337,18.45082515,102.63139937,200
338,precipitation338,18.3465878,102.71558489,364.760528564453
339,precipitation339,18.27859458,104.61224373,431.800018310547
340,precipitation340,18.34555024,104.81503081,564.463745117188
341,precipitation341,18.30323097,103.96058887,172.443862915039
342,precipitation342,18.32448939,103.99619404,142.826187133789
343,precipitation343,18.26018183,104.43269184,686.912780761719
344,precipitation344,18.29860647,101.25469181,571.960754394531
345,precipitation345,18.36682806,102.08435751,341.321563720703
346,precipitation346,18.13167632,101.24504031,447.801116943359
347,precipitation347,18.24088962,101.35895482,304.034301757812
348,precipitation348,18.28694055,101.48499741,239.459838867188
349,precipitation349,18.3178541,102.52513178,164.559173583984
350,precipitation350,18.24058907,102.62284272,165.469360351562
351,precipitation351,13.3219201,107.05220231,128.258438110352
352,precipitation352,13.31574689,105.92820158,22
353,precipitation353,13.48065056,105.90247158,58.8658180236816
354,precipitation354,13.29511747,107.12033264,112.32731628418
355,precipitation355,13.34791105,107.54016446,152.871994018555
356,precipitation356,13.25818211,107.38307461,128.916549682617
357,precipitation357,13.29463723,105.94074717,65.6134490966797
358,precipitation358,13.39222236,106.00550952,73.5929489135742
359,precipitation359,13.26576826,105.98599387,47.7646751403809
360,precipitation360,13.25120365,105.77610986,150.121170043945
361,precipitation361,13.23457436,106.00511795,45.8869552612305
362,precipitation362,13.34008258,106.12219568,119.088134765625
363,precipitation363,13.23245798,107.40586852,141.715209960938
364,precipitation364,13.14749387,107.57316816,152.913238525391
365,precipitation365,13.24541472,108.01377522,339.504608154297
366,precipitation366,13.19809914,107.74645068,178.348678588867
367,precipitation367,13.19067443,107.82021188,160.473037719727
368,precipitation368,13.19929137,106.00333572,49.8182029724121
369,precipitation369,13.18840968,107.38426254,138.869689941406
370,precipitation370,13.18452641,107.05750687,119.936866760254
371,precipitation371,13.10518609,106.91582571,157.296005249023
372,precipitation372,13.14059215,108.0273232,305.879760742188
373,precipitation373,13.18485679,106.0799941,46.2379837036133
374,precipitation374,13.08719152,107.18979967,137.454849243164
375,precipitation375,13.21943044,106.20698624,54.3955001831055
376,precipitation376,14.97473447,103.50641009,143.693969726562
377,precipitation377,14.94399144,103.2626401,144.516510009766
378,precipitation378,15.05305981,104.67801253,127.191207885742
379,precipitation379,15.05072976,104.17442358,114.43041229248
380,precipitation380,14.93382578,104.30159424,135.683517456055
381,precipitation381,15.00522228,103.99960621,118.187759399414
382,precipitation382,15.08988538,102.71165932,166.095016479492
383,precipitation383,15.05386176,106.59128041,809.4052734375
384,precipitation384,14.96985171,103.04030354,162.580993652344
385,precipitation385,14.87908166,102.68159149,197.806716918945
386,precipitation386,14.92092798,101.94343507,193.162460327148
387,precipitation387,14.98014022,101.64230936,265.615386962891
388,precipitation388,14.90635144,103.11010434,178.253036499023
389,precipitation389,14.95371433,103.38026502,154.526672363281
390,precipitation390,14.83263425,104.00583017,136.117538452148
391,precipitation391,14.95500603,107.58886253,1039.13610839844
392,precipitation392,15.02802903,107.74695933,736.702514648438
393,precipitation393,14.90002202,104.11838718,134.522674560547
394,precipitation394,14.93022616,104.61167914,133.904663085938
395,precipitation395,15.06921485,106.05894942,601.982299804688
396,precipitation396,14.97446912,106.10178312,303.211669921875
397,precipitation397,14.89364248,102.87575758,177.666748046875
398,precipitation398,14.83826407,102.86217555,164.207611083984
399,precipitation399,14.83357886,101.65408589,253.558258056641
400,precipitation400,14.94773765,105.09705187,124.842193603516
401,precipitation401,14.50496951,106.91340267,521.926452636719
402,precipitation402,14.32121618,102.8551245,248.040374755859
403,precipitation403,14.38150985,102.06849114,473.080871582031
404,precipitation404,14.57388943,106.27456839,89.4883728027344
405,precipitation405,14.40906401,106.40421654,121.979133605957
406,precipitation406,14.49639212,105.14434169,150.525421142578
407,precipitation407,14.43477827,106.59956879,154.320678710938
408,precipitation408,14.53134085,105.70662848,111.248275756836
409,precipitation409,14.49856779,105.9015213,119.470970153809
410,precipitation410,14.44198433,108.14864801,614.008544921875
411,precipitation411,14.52111567,107.90378427,610.998962402344
412,precipitation412,14.32261342,108.23732537,721.240112304688
413,precipitation413,14.40252647,108.00096144,537.666748046875
414,precipitation414,14.34803424,108.10607536,598.096862792969
415,precipitation415,14.38640633,102.24707699,210
416,precipitation416,14.35807417,102.52197513,233.829254150391
417,precipitation417,14.36382481,106.35509735,119.069282531738
418,precipitation418,14.39559418,105.73432585,106.813743591309
419,precipitation419,14.39764918,105.87290832,91.6584091186523
420,precipitation420,14.36277629,106.13537458,130.335342407227
421,precipitation421,14.29932337,105.86529264,71
422,precipitation422,14.42927781,107.77139648,866.212280273438
423,precipitation423,14.22441445,107.90833683,560.052673339844
424,precipitation424,14.23282892,102.69153508,282.998504638672
425,precipitation425,14.18928085,105.91192412,98.5245819091797
426,precipitation426,13.59951672,107.94266227,341.708374023438
427,precipitation427,13.61314086,106.93854277,126.7900390625
428,precipitation428,13.41263809,107.88576825,214.576934814453
429,precipitation429,13.58890343,107.32999952,193.573120117188
430,precipitation430,13.45079307,106.43082779,58.9706687927246
431,precipitation431,13.6449649,107.57334945,187.65266418457
432,precipitation432,13.47557318,106.85479384,97.9309768676758
433,precipitation433,13.32907712,106.62151983,129.559997558594
434,precipitation434,13.36904238,106.76041398,113.02986907959
435,precipitation435,13.62812095,105.79587524,96.9793319702148
436,precipitation436,13.50579596,105.95583324,74.1600036621094
437,precipitation437,13.54046788,107.02128087,135.007171630859
438,precipitation438,13.36602978,108.11075152,259.158996582031
439,precipitation439,13.54846729,107.15847541,162.068344116211
440,precipitation440,13.28778383,106.84719028,114.473701477051
441,precipitation441,13.66577753,107.82206726,320.733184814453
442,precipitation442,13.40233372,107.35320164,135.153686523438
443,precipitation443,13.46403306,107.50945313,149.777221679688
444,precipitation444,13.39098727,107.78926148,181.648391723633
445,precipitation445,13.34333894,107.36950968,118.174049377441
446,precipitation446,13.35289882,107.65578534,145.59928894043
447,precipitation447,13.34430428,107.24302446,124.631965637207
448,precipitation448,13.28967175,107.35294101,122.178268432617
449,precipitation449,13.50653024,105.7529864,63.6712837219238
450,precipitation450,13.45923295,105.66445024,111.183822631836
451,precipitation451,18.53268571,101.32849221,779.898010253906
452,precipitation452,18.50710691,101.93153584,317.032989501953
453,precipitation453,18.53926809,104.28140908,298.453918457031
454,precipitation454,18.46466954,104.38112089,416.727935791016
455,precipitation455,18.45797653,104.45049679,306.3984375
456,precipitation456,18.64551976,104.75680826,751.78125
457,precipitation457,18.56934389,105.02396368,589.609497070312
458,precipitation458,18.53012358,104.59606333,828.438781738281
459,precipitation459,18.51902497,104.16448206,396.926696777344
460,precipitation460,18.59955794,103.22857642,661.2080078125
461,precipitation461,18.43339382,101.49945194,261.029998779297
462,precipitation462,18.53267637,101.71862711,393.371215820312
463,precipitation463,18.44540254,102.93269307,416.32080078125
464,precipitation464,18.39616044,103.12150963,168.257293701172
465,precipitation465,18.33089435,102.9408146,418.12548828125
466,precipitation466,18.34054315,103.15225272,188.905990600586
467,precipitation467,18.36298826,104.2984932,633.127990722656
468,precipitation468,18.5466719,103.59079774,544.945861816406
469,precipitation469,18.73550353,103.78428444,198.841156005859
470,precipitation470,18.40344323,102.35133498,192.649658203125
471,precipitation471,18.58239091,102.41168346,189.92448425293
472,precipitation472,18.49243773,103.90844574,171.684310913086
473,precipitation473,18.40412949,103.40369121,170.810394287109
474,precipitation474,18.36433328,103.70251639,156.308609008789
475,precipitation475,18.29607284,103.70041031,157.375
476,precipitation476,18.22600587,103.1704865,150.433868408203
477,precipitation477,18.12430619,103.94959139,166.294937133789
478,precipitation478,18.08811518,103.04749503,186.867095947266
479,precipitation479,18.0382957,103.18676966,149.180877685547
480,precipitation480,18.06282229,101.34044037,374.032348632812
481,precipitation481,18.18981519,101.39908422,229.772018432617
482,precipitation482,18.18168448,102.85402197,166.340576171875
483,precipitation483,18.16574854,102.02750929,381.173950195312
484,precipitation484,18.21827503,104.21839704,144.149215698242
485,precipitation485,18.27021716,105.06525419,710.550842285156
486,precipitation486,18.15565259,102.48507043,214.083999633789
487,precipitation487,18.09005245,104.31944133,141.095550537109
488,precipitation488,18.17688371,105.15196098,743.634582519531
489,precipitation489,18.12501898,102.15505515,297.808380126953
490,precipitation490,18.38687287,102.21317941,209.368392944336
491,precipitation491,18.1309529,104.5859728,327.996215820312
492,precipitation492,18.10195511,103.0975008,157.383941650391
493,precipitation493,18.08816884,102.60136962,169.184005737305
494,precipitation494,18.09905941,101.90791683,286.020538330078
495,precipitation495,18.09448049,102.30807139,177.143997192383
496,precipitation496,18.17819487,104.76632565,512.404174804688
497,precipitation497,18.14826008,104.92949254,533.213012695312
498,precipitation498,18.24178681,103.515606,158.000701904297
499,precipitation499,17.98663682,104.66008826,716.758850097656
500,precipitation500,18.01308481,102.83108286,170.648254394531
501,precipitation501,18.02598198,102.47073784,210.922058105469
502,precipitation502,18.00927689,103.01617434,156.033935546875
503,precipitation503,18.05281368,103.65212608,163.685089111328
504,precipitation504,18.11932326,104.06695257,150.24299621582
505,precipitation505,18.07083143,104.18567673,195.448547363281
506,precipitation506,17.95106431,104.99116869,543.466613769531
507,precipitation507,18.17433491,101.66628769,325.179718017578
508,precipitation508,17.98191643,101.76713485,477.228240966797
509,precipitation509,17.87376031,101.9884397,354.686248779297
510,precipitation510,17.92185854,102.91230524,177.438293457031
511,precipitation511,17.83643886,103.57873111,165.085189819336
512,precipitation512,18.08841555,105.2433737,541.401123046875
513,precipitation513,17.97240361,105.25418721,597.078491210938
514,precipitation514,17.94347074,101.59239048,221.562774658203
515,precipitation515,17.84268205,101.88787861,259.989044189453
516,precipitation516,17.96559498,102.67888657,168.792846679688
517,precipitation517,17.86102253,102.79540421,163.80143737793
518,precipitation518,17.85178335,102.73216897,162.264007568359
519,precipitation519,17.84364328,102.70304429,150.777847290039
520,precipitation520,17.89811208,102.53759943,161.196411132812
521,precipitation521,17.86174315,101.56737916,196.811141967773
522,precipitation522,17.90381069,103.73630956,140.351608276367
523,precipitation523,17.91284717,102.35577567,191.466812133789
524,precipitation524,17.73055799,102.66801675,173.291152954102
525,precipitation525,17.98078026,101.4475311,254.204162597656
526,precipitation526,17.76224974,102.56194522,173.176712036133
527,precipitation527,17.76584161,103.77891463,155.632797241211
528,precipitation528,17.99920828,103.40364618,162.914215087891
529,precipitation529,17.8710985,102.16814486,228.851898193359
530,precipitation530,17.73139435,101.49471205,236.527069091797
531,precipitation531,17.7573744,103.42584069,166.178466796875
532,precipitation532,17.84117164,103.93277464,162.18977355957
533,precipitation533,18.03311828,103.87130513,155.852462768555
534,precipitation534,17.6953046,103.27176457,161.08268737793
535,precipitation535,17.83949598,101.11400792,473.809844970703
536,precipitation536,17.8558709,101.24642524,447.445037841797
537,precipitation537,18.00153527,105.41859307,1109.4296875
538,precipitation538,17.8779586,105.51189703,721.732421875
539,precipitation539,17.78260159,105.29228698,564.521789550781
540,precipitation540,17.82986945,105.07507107,554.047241210938
541,precipitation541,17.73382022,105.19948567,516.724365234375
542,precipitation542,17.6464857,103.49357179,188.687835693359
543,precipitation543,17.69816339,102.45146506,178.976974487305
544,precipitation544,17.73447348,104.06940289,140.236129760742
545,precipitation545,17.57990699,101.43917417,353.465576171875
546,precipitation546,17.53183894,102.42694232,185.473648071289
547,precipitation547,17.7195364,104.19161725,155.306060791016
548,precipitation548,17.65131101,104.32287732,145.448532104492
549,precipitation549,17.83112998,104.1923598,163.387130737305
550,precipitation550,17.85327484,104.33410703,142.11669921875
551,precipitation551,17.88733619,104.4959913,160.843994140625
552,precipitation552,17.85666333,104.64283156,169.577728271484
553,precipitation553,17.61192368,104.16418605,141.668869018555
554,precipitation554,17.63059365,104.62809896,143.867294311523
555,precipitation555,17.65840888,104.74013393,217.490829467773
556,precipitation556,17.6643072,103.37293402,180.554992675781
557,precipitation557,17.60125067,104.39454013,149.586502075195
558,precipitation558,17.65210184,104.5158765,173.2451171875
559,precipitation559,17.63500516,101.19491554,320.696502685547
560,precipitation560,17.65120221,101.33115211,264.007537841797
561,precipitation561,17.52751836,104.2451494,151.152236938477
562,precipitation562,17.69199986,105.5263815,785.293823242188
563,precipitation563,17.65243534,102.18407335,219.656692504883
564,precipitation564,17.59714415,102.29022722,187.702026367188
565,precipitation565,17.79051722,103.10629595,170.579193115234
566,precipitation566,17.81656423,104.90614776,283.924041748047
567,precipitation567,17.77612834,105.21737163,584.061584472656
568,precipitation568,17.65890669,102.33663307,206.899307250977
569,precipitation569,17.56262018,101.26352361,522.08154296875
570,precipitation570,17.59474102,105.26981059,184.279647827148
571,precipitation571,17.62146075,104.56597684,163.829528808594
572,precipitation572,17.61861868,104.60746282,157.888687133789
573,precipitation573,17.5283005,102.14588074,268.31103515625
574,precipitation574,17.54610203,101.17304429,535.827331542969
575,precipitation575,17.53327901,102.98077578,199.111145019531
576,precipitation576,17.59200905,103.79917627,161.094818115234
577,precipitation577,17.60143128,101.02374081,712.765441894531
578,precipitation578,17.67215454,102.80395024,160.944946289062
579,precipitation579,17.66539791,101.70051496,241.139373779297
580,precipitation580,17.4521761,103.43366242,167.423645019531
581,precipitation581,17.47359446,101.13540941,432.610290527344
582,precipitation582,17.5987953,101.83598501,327.816528320312
583,precipitation583,17.59543265,104.9854778,363.020965576172
584,precipitation584,17.55026392,105.14645177,570.887817382812
585,precipitation585,17.41799695,101.00685801,776.41064453125
586,precipitation586,17.40492201,102.8666534,171.369857788086
587,precipitation587,17.48620543,101.63058702,326.787628173828
588,precipitation588,17.5027048,105.44563486,167.632308959961
589,precipitation589,17.54320882,105.79920576,201.598541259766
590,precipitation590,17.40780164,102.31120323,200.727096557617
591,precipitation591,17.43984441,104.45005492,155.375
592,precipitation592,17.49732292,102.76050082,177.905792236328
593,precipitation593,17.5094252,104.67865666,153.281677246094
594,precipitation594,17.48634995,104.87580702,464.376739501953
595,precipitation595,17.40712984,101.3545274,705.498046875
596,precipitation596,17.32778584,103.65493601,168.808044433594
597,precipitation597,17.38104237,101.60798196,472.595916748047
598,precipitation598,17.27498731,102.74410423,224.32275390625
599,precipitation599,17.39513536,103.06914357,192.170211791992
600,precipitation600,17.44339593,105.16997588,176.174301147461
601,precipitation601,17.14807575,102.86973269,191.640472412109
602,precipitation602,17.19431293,103.12072806,171.871276855469
603,precipitation603,17.20477974,105.37569085,176.039596557617
604,precipitation604,17.19476433,104.94220584,150.622817993164
605,precipitation605,17.28310448,105.1087231,166.927627563477
606,precipitation606,17.1421703,105.74421768,257.005004882812
607,precipitation607,17.09538145,104.99808555,160.524475097656
608,precipitation608,17.04412251,105.09109805,184.223999023438
609,precipitation609,17.05729115,105.79192494,202.614730834961
610,precipitation610,17.051074,105.58003752,185.758758544922
611,precipitation611,17.06496958,105.32224842,186.939193725586
612,precipitation612,17.15783935,101.62068794,276.457153320312
613,precipitation613,17.12750973,104.35200675,162.627853393555
614,precipitation614,17.09966381,104.7742006,124
615,precipitation615,17.15024574,104.50880753,165.874465942383
616,precipitation616,17.01416353,104.90296111,162.818893432617
617,precipitation617,16.93936144,105.81403032,203.328125
618,precipitation618,17.04517382,103.230698,187.943862915039
619,precipitation619,16.9467683,103.05684401,206.213653564453
620,precipitation620,16.93949656,104.49775202,155.464828491211
621,precipitation621,16.94828047,104.11049923,259.678924560547
622,precipitation622,17.0457975,102.05762116,238.905181884766
623,precipitation623,16.89592304,102.26568712,180.482070922852
624,precipitation624,17.06471984,102.25244002,231.054718017578
625,precipitation625,16.94795354,101.82624702,252.846832275391
626,precipitation626,16.87420401,102.22905874,190.966171264648
627,precipitation627,16.98275346,104.67786777,137.857238769531
628,precipitation628,16.93208347,104.80671418,135.94140625
629,precipitation629,17.00824535,106.03185139,250.032073974609
630,precipitation630,16.95816555,106.18609378,354.919494628906
631,precipitation631,16.88235598,102.02236336,237.658645629883
632,precipitation632,17.22482019,102.23848419,237.096115112305
633,precipitation633,16.86989456,104.73696346,146.745315551758
634,precipitation634,16.83490407,102.3119158,181.019393920898
635,precipitation635,16.85802748,101.71312438,911.852355957031
636,precipitation636,16.81615777,104.96895426,166.581512451172
637,precipitation637,16.82713192,102.45766085,168
638,precipitation638,16.9337126,103.35799245,167.092926025391
639,precipitation639,17.03937743,103.51676825,197.549758911133
640,precipitation640,16.79324621,102.54242728,168
641,precipitation641,16.94379371,102.57567595,203.701461791992
642,precipitation642,16.91885139,105.28260069,185.89599609375
643,precipitation643,16.92192335,105.48762292,170.223007202148
644,precipitation644,16.89842867,106.44352211,272.54150390625
645,precipitation645,16.80866067,102.5735577,178.612564086914
646,precipitation646,16.91481321,103.63240165,195.675903320312
647,precipitation647,16.77148984,103.68659541,186.755905151367
648,precipitation648,16.86714532,102.70413672,200.016006469727
649,precipitation649,16.92385949,102.82019644,186.317367553711
650,precipitation650,16.86724302,105.68201149,208.621673583984
651,precipitation651,16.74616606,102.11623902,252.5
652,precipitation652,16.76121697,106.50725786,576.405395507812
653,precipitation653,16.74167033,105.72989869,228.58918762207
654,precipitation654,16.77820234,103.44279486,155
655,precipitation655,16.77696725,103.49010075,177.70556640625
656,precipitation656,16.80087538,104.74739138,116.240493774414
657,precipitation657,16.79588293,104.62107002,153.530471801758
658,precipitation658,16.68880571,102.32856181,199.678680419922
659,precipitation659,16.74523708,106.28793292,285.890197753906
660,precipitation660,16.6795824,102.72433608,185.848999023438
661,precipitation661,16.76391069,102.9557783,183.83381652832
662,precipitation662,16.79950794,106.1310994,220.832382202148
663,precipitation663,16.7233019,106.21482085,221.279663085938
664,precipitation664,16.65306283,103.25587203,185.560440063477
665,precipitation665,16.69576053,103.41530951,160.822540283203
666,precipitation666,16.654945,103.8478387,175.140487670898
667,precipitation667,16.70571764,104.03438086,180.592254638672
668,precipitation668,16.59919399,104.53795251,157.111907958984
669,precipitation669,16.75501178,104.35901348,175.712860107422
670,precipitation670,16.58454807,104.74076895,116
671,precipitation671,16.69317885,104.82522882,179.466735839844
672,precipitation672,16.52963848,104.73992148,116
673,precipitation673,16.72653817,105.92693698,215.110702514648
674,precipitation674,16.5688561,106.01750579,223.114044189453
675,precipitation675,16.64828089,105.14892823,154.595397949219
676,precipitation676,12.81438958,107.2625217,241.08349609375
677,precipitation677,12.76343864,105.78736816,72.4365005493164
678,precipitation678,12.81336488,107.43996341,253.462249755859
679,precipitation679,12.86532404,108.33276488,569.720703125
680,precipitation680,12.64102428,108.62344023,494.679046630859
681,precipitation681,12.68278982,107.85816252,336.142211914062
682,precipitation682,12.7305312,106.02408809,17.7592372894287
683,precipitation683,12.62684146,108.05582804,464.389099121094
684,precipitation684,12.5859518,107.53676721,441.938873291016
685,precipitation685,12.4962436,107.44175308,599.001831054688
686,precipitation686,12.7001144,106.31369166,53.8945617675781
687,precipitation687,12.67018184,108.34863387,467.952514648438
688,precipitation688,12.56384931,107.93076649,345.894134521484
689,precipitation689,12.48284617,107.36391166,577.347717285156
690,precipitation690,12.63257784,108.22730781,474.02880859375
691,precipitation691,12.52813072,108.35686931,435.204681396484
692,precipitation692,12.50081549,106.83138027,147.834182739258
693,precipitation693,12.50639794,108.01767745,424.959838867188
694,precipitation694,12.44863845,108.55821517,596.472290039062
695,precipitation695,12.55090279,106.01988619,5.33619213104248
696,precipitation696,12.45125344,106.02172796,-24
697,precipitation697,12.54336765,105.85795032,37.3961791992188
698,precipitation698,12.44728191,106.0229027,-24
699,precipitation699,12.4951866,106.19810245,31.7040004730225
700,precipitation700,12.46693925,106.06457926,13.4133338928223
701,precipitation701,16.70424302,105.30160496,160.501419067383
702,precipitation702,16.49774709,104.70094887,148.428741455078
703,precipitation703,16.57714968,104.91207564,164.784118652344
704,precipitation704,16.62254555,101.89098284,245.574935913086
705,precipitation705,16.46390623,102.31848249,185.444808959961
706,precipitation706,16.51975492,102.46470065,184.892501831055
707,precipitation707,16.32134695,102.26948472,212.526138305664
708,precipitation708,16.52678776,106.32869937,247.744277954102
709,precipitation709,16.58736386,102.93805997,162.447906494141
710,precipitation710,16.62470256,103.10903544,193.566589355469
711,precipitation711,16.51423998,101.64114893,777.773254394531
712,precipitation712,16.50764509,102.68471985,174.545440673828
713,precipitation713,16.39122083,102.63692495,166.710342407227
714,precipitation714,16.46227537,106.5608494,398.949401855469
715,precipitation715,16.37877505,102.1197683,207.719650268555
716,precipitation716,16.39152719,102.80621864,155.827972412109
717,precipitation717,16.54034099,106.16107664,287.919952392578
718,precipitation718,16.39708738,106.20354645,196.712188720703
719,precipitation719,16.34697898,106.29893442,458.012969970703
720,precipitation720,16.3470948,106.43763327,356.167541503906
721,precipitation721,16.38319135,102.99169951,161.234313964844
722,precipitation722,16.48958213,102.82392876,179.775115966797
723,precipitation723,16.33504049,103.00915556,155.822998046875
724,precipitation724,16.51417424,103.45495596,138.913528442383
725,precipitation725,16.33474225,102.876441,164.332443237305
726,precipitation726,16.43466712,103.55731416,145.976577758789
727,precipitation727,16.51206541,103.68790787,159.545318603516
728,precipitation728,16.38257188,103.36626533,143.356994628906
729,precipitation729,16.47039401,105.84381396,175.308853149414
730,precipitation730,16.47385393,104.05226448,145.334182739258
731,precipitation731,16.25788875,101.90724045,247.726318359375
732,precipitation732,16.39035696,104.57517253,161.472778320312
733,precipitation733,16.44569688,104.86193426,129.880432128906
734,precipitation734,16.34488205,104.21590609,158.439971923828
735,precipitation735,16.24470028,102.93580347,158.083877563477
736,precipitation736,16.3823751,103.04721426,171.416091918945
737,precipitation737,16.46931299,105.68218321,170.376174926758
738,precipitation738,16.25346007,104.93219535,153.928527832031
739,precipitation739,16.38498364,105.01355729,140.367797851562
740,precipitation740,16.32850652,106.01753944,209.763381958008
741,precipitation741,16.42916325,105.14473204,202.638168334961
742,precipitation742,16.4176559,105.27043956,147.278091430664
743,precipitation743,16.32467355,105.72111317,145.402969360352
744,precipitation744,16.46820999,106.70112862,229.051895141602
745,precipitation745,16.26345888,105.82518071,147.445434570312
746,precipitation746,16.54650879,105.4952827,184.214828491211
747,precipitation747,16.25236903,105.75980208,145.377746582031
748,precipitation748,16.39191085,103.14024292,160.899673461914
749,precipitation749,16.26771682,103.10986974,143.26383972168
750,precipitation750,16.25275339,105.24913201,156.259872436523
751,precipitation751,16.26530311,105.2831637,128.166473388672
752,precipitation752,16.33267937,103.25716866,156.515808105469
753,precipitation753,16.23045965,105.546368,159.783020019531
754,precipitation754,16.34041653,103.71783527,147.354187011719
755,precipitation755,16.2397432,103.18765887,140.376190185547
756,precipitation756,16.20880231,103.29247873,143.053009033203
757,precipitation757,16.17975374,103.55025813,140.4443359375
758,precipitation758,16.21979204,103.23177913,142.437408447266
759,precipitation759,16.20393495,106.75377378,1071.53564453125
760,precipitation760,16.28279931,106.56547221,349.747619628906
761,precipitation761,16.07900735,103.23511619,166.812194824219
762,precipitation762,16.1604417,103.37239037,141.060562133789
763,precipitation763,16.07368809,103.43971074,154.172546386719
764,precipitation764,16.15431167,105.99084252,174.917755126953
765,precipitation765,16.2342443,102.7322273,151.069091796875
766,precipitation766,16.28453694,103.95268736,149.607009887695
767,precipitation767,16.19963279,104.10943619,162.025619506836
768,precipitation768,16.16024481,106.3371505,270.731658935547
769,precipitation769,16.26159172,101.51682402,984.838134765625
770,precipitation770,16.27965278,101.70013847,810.113037109375
771,precipitation771,16.22224108,102.50085035,220.26350402832
772,precipitation772,16.11267907,103.02601998,166.003494262695
773,precipitation773,16.08771513,102.65394543,167.229370117188
774,precipitation774,16.21903043,105.03392821,140.993133544922
775,precipitation775,16.18545415,102.24557479,211.001022338867
776,precipitation776,16.07252928,102.16761819,216.091979980469
777,precipitation777,16.04208932,102.51040895,198.845626831055
778,precipitation778,16.20057641,107.15791339,704.022155761719
779,precipitation779,16.06180541,104.88712036,170.859390258789
780,precipitation780,16.14801607,105.36994015,159.4765625
781,precipitation781,16.04131441,105.25598851,111.749862670898
782,precipitation782,16.09164525,105.12622941,136.374816894531
783,precipitation783,16.00734357,102.77358024,173.195358276367
784,precipitation784,16.14095988,101.42878067,566.174560546875
785,precipitation785,16.0437781,107.02617259,571.304992675781
786,precipitation786,16.00451532,107.27261506,876.481140136719
787,precipitation787,16.04687414,106.65841358,510.981689453125
788,precipitation788,16.0480199,105.87510181,416.387512207031
789,precipitation789,16.01041895,101.56788629,228.521026611328
790,precipitation790,16.07279675,101.67701831,231.975524902344
791,precipitation791,16.03057623,105.33269513,118.359169006348
792,precipitation792,15.96361369,105.12082743,149.512268066406
793,precipitation793,16.03002245,102.31882234,181.049087524414
794,precipitation794,15.98260429,101.67880608,211.524230957031
795,precipitation795,16.05806719,101.80961083,227.383666992188
796,precipitation796,16.12580569,104.63491294,167.929962158203
797,precipitation797,16.00806303,104.6827398,147.92741394043
798,precipitation798,16.22607283,104.47812309,158.965286254883
799,precipitation799,15.9890782,104.52205338,143.218566894531
800,precipitation800,15.89659442,101.40286169,272.730102539062
801,precipitation801,16.12414023,104.08050814,151.714431762695
802,precipitation802,16.03881319,104.15904331,172.204055786133
803,precipitation803,16.18200748,103.81037143,140.016220092773
804,precipitation804,16.05026143,106.20838585,190.795806884766
805,precipitation805,15.95293473,106.45505366,222.583999633789
806,precipitation806,15.977817,103.69692033,138.725341796875
807,precipitation807,16.01855283,103.95869782,125.141830444336
808,precipitation808,15.92690078,104.08085676,136.377075195312
809,precipitation809,15.92392251,105.8199333,293.539703369141
810,precipitation810,15.92177802,102.32091164,166.377182006836
811,precipitation811,15.86302642,105.23227054,159.158264160156
812,precipitation812,15.95506236,105.34669195,135.871810913086
813,precipitation813,15.8383476,107.10412288,763.659118652344
814,precipitation814,15.84571626,105.36909926,141.584045410156
815,precipitation815,15.88875572,105.51914768,149.412033081055
816,precipitation816,15.88936864,103.96065277,127.182601928711
817,precipitation817,15.83246787,104.07292692,126.458679199219
818,precipitation818,15.86921577,104.19732078,154.838195800781
819,precipitation819,15.88747462,101.67894687,213.431030273438
820,precipitation820,15.80557805,103.87313557,131.274185180664
821,precipitation821,15.7729854,102.40505782,173.675994873047
822,precipitation822,15.7411524,105.3165047,181.757476806641
823,precipitation823,15.83475653,105.39597473,137.920959472656
824,precipitation824,15.90005658,106.26551954,193.561584472656
825,precipitation825,15.79156461,104.08557895,127.700164794922
826,precipitation826,15.74093469,101.71968692,228.869110107422
827,precipitation827,15.91211566,101.8627903,236.335571289062
828,precipitation828,15.75279552,101.81934066,192.271606445312
829,precipitation829,15.96023389,102.04317788,200.016494750977
830,precipitation830,15.74822444,102.14611812,169.57568359375
831,precipitation831,15.76484916,102.23166761,175.541412353516
832,precipitation832,15.80777173,101.52721162,290.522430419922
833,precipitation833,15.85411945,102.90497892,183.648818969727
834,precipitation834,15.86903072,103.02117154,168.930557250977
835,precipitation835,15.68036426,106.26173471,213.031997680664
836,precipitation836,15.70435142,101.82515846,189.507583618164
837,precipitation837,15.67630963,101.52335778,297.744750976562
838,precipitation838,15.69894964,102.03529043,181.188354492188
839,precipitation839,15.74082144,106.09870616,152.77799987793
840,precipitation840,15.97481209,104.33135323,164.121826171875
841,precipitation841,15.88682904,104.50389168,130.944931030273
842,precipitation842,15.8118879,104.74580489,154.437316894531
843,precipitation843,15.78586254,104.85356708,154.078262329102
844,precipitation844,15.56924991,102.113994,184.093795776367
845,precipitation845,15.74244102,105.77146849,150.290405273438
846,precipitation846,15.64387484,104.6265246,111.765602111816
847,precipitation847,15.64473902,104.78597551,124.414611816406
848,precipitation848,15.67339286,106.48222282,192.508728027344
849,precipitation849,15.63169181,105.97879995,175.442245483398
850,precipitation850,15.79437067,103.34429138,143.652587890625
851,precipitation851,15.7643004,103.60817291,151.612030029297
852,precipitation852,15.58968574,107.07375847,1026.86791992188
853,precipitation853,15.83746606,106.83261749,758.426940917969
854,precipitation854,15.57217269,106.9082018,508.989044189453
855,precipitation855,15.46924282,106.16298379,519.004821777344
856,precipitation856,15.54659493,104.74995409,122.49210357666
857,precipitation857,15.77034136,104.9608924,140.525146484375
858,precipitation858,15.57714004,101.6273268,244.653366088867
859,precipitation859,15.52991306,101.85470155,201.65202331543
860,precipitation860,15.7583478,102.68044382,154.806304931641
861,precipitation861,15.53296603,102.65731529,159.248718261719
862,precipitation862,15.59032747,105.50061421,177.54801940918
863,precipitation863,15.70206814,105.57479093,246.670593261719
864,precipitation864,15.71044091,105.07089463,151.755126953125
865,precipitation865,15.59179803,105.09738392,136.091003417969
866,precipitation866,15.47224686,102.35053526,180.296417236328
867,precipitation867,15.59939001,102.38732602,168.379287719727
868,precipitation868,15.50388859,104.88230541,146.244140625
869,precipitation869,15.49549581,104.99149105,108.180015563965
870,precipitation870,15.61730294,103.1375606,140.682556152344
871,precipitation871,15.64224727,103.01100357,145.725341796875
872,precipitation872,15.59556472,103.94146826,125.202102661133
873,precipitation873,15.64083902,104.100045,124.783996582031
874,precipitation874,15.43844072,107.06701228,1086.98828125
875,precipitation875,15.44383213,106.26929386,704.0615234375
876,precipitation876,15.4687436,101.53524138,254.476501464844
877,precipitation877,15.47113427,103.6337928,126.826972961426
878,precipitation878,15.52583779,102.56341683,157.333419799805
879,precipitation879,15.40418341,102.77720502,141.27734375
880,precipitation880,15.36141349,102.52321627,140.037811279297
881,precipitation881,15.54609968,102.94756669,152.865127563477
882,precipitation882,15.51410533,105.8335044,148.692001342773
883,precipitation883,15.3933162,106.02250663,385.244812011719
884,precipitation884,15.3800692,102.86162526,143.070129394531
885,precipitation885,15.36867744,103.01907722,138.928115844727
886,precipitation886,15.57814864,103.30130418,131.489624023438
887,precipitation887,15.3591805,103.67602532,123.356002807617
888,precipitation888,15.40541616,103.50070745,128.609039306641
889,precipitation889,15.42904165,103.26401755,133.434692382812
890,precipitation890,15.39366538,103.82965233,108.661422729492
891,precipitation891,15.31113523,103.89200326,123.735275268555
892,precipitation892,15.34666913,103.18112483,132.742797851562
893,precipitation893,15.3640537,103.28081547,126.958702087402
894,precipitation894,15.31114267,102.74797308,196.368316650391
895,precipitation895,15.35035191,104.09562868,112.739501953125
896,precipitation896,15.49432914,103.84385107,120.847999572754
897,precipitation897,15.32987226,102.66674474,140.038528442383
898,precipitation898,15.34376264,104.12953786,114.072311401367
899,precipitation899,15.43060826,104.11553923,129.348510742188
900,precipitation900,15.26649653,103.75909283,129.387466430664
901,precipitation901,15.42504404,105.56882529,333.757598876953
902,precipitation902,15.31104901,104.35240208,122.027458190918
903,precipitation903,15.51365762,104.29808297,117.107421875
904,precipitation904,15.2858569,103.33659352,132.652542114258
905,precipitation905,15.34162905,103.59658868,146.897796630859
906,precipitation906,15.40661531,105.06236435,110.968559265137
907,precipitation907,15.32429637,105.13480244,125.068061828613
908,precipitation908,15.31637844,107.56506591,1100.73913574219
909,precipitation909,15.52122231,105.29071274,139.643951416016
910,precipitation910,15.52975699,104.47599501,124.46858215332
911,precipitation911,15.33943254,106.51322521,787
912,precipitation912,15.44507577,106.7476202,161.155120849609
913,precipitation913,15.31610997,104.5633998,122.823226928711
914,precipitation914,15.47660196,107.31284378,1237.06274414062
915,precipitation915,15.28949675,107.45405324,555.103210449219
916,precipitation916,15.34451875,102.30279012,164.354187011719
917,precipitation917,15.296741,102.55240758,140
918,precipitation918,15.34786212,105.84132071,119.62670135498
919,precipitation919,15.31123588,106.00994506,315.414306640625
920,precipitation920,15.2720812,106.67403354,200.839996337891
921,precipitation921,15.27121318,105.82386788,118.883026123047
922,precipitation922,15.28818442,105.42175871,109.306365966797
923,precipitation923,15.26165993,105.48195339,139.088195800781
924,precipitation924,15.31713528,102.15154052,176.420227050781
925,precipitation925,15.29723363,105.32922898,118.206962585449
926,precipitation926,15.28115068,106.74751965,129.466369628906
927,precipitation927,15.28905972,106.93601028,217.617568969727
928,precipitation928,15.17427318,107.56659312,1252.34448242188
929,precipitation929,15.31001373,105.22198869,125.637145996094
930,precipitation930,15.34102857,104.69564103,119.928001403809
931,precipitation931,15.38208186,104.81053195,127.43953704834
932,precipitation932,15.23016757,106.06273831,907.940490722656
933,precipitation933,15.24376741,104.81681983,111.132385253906
934,precipitation934,15.19973501,102.3444452,148.73030090332
935,precipitation935,15.19380962,102.89752367,168.554962158203
936,precipitation936,15.26632075,104.97104502,127.470024108887
937,precipitation937,15.230103,104.81797401,120.42259979248
938,precipitation938,15.23367949,101.53741118,243.048309326172
939,precipitation939,15.28215727,105.6223911,523.678039550781
940,precipitation940,15.19882887,102.22598002,153.571105957031
941,precipitation941,15.23415152,105.8019943,113.030723571777
942,precipitation942,15.09925335,101.56373003,291.950469970703
943,precipitation943,15.31141849,107.26134498,1119.98120117188
944,precipitation944,15.19517553,102.52506455,161.673431396484
945,precipitation945,15.29928131,102.01094952,188.97981262207
946,precipitation946,15.14348861,107.44550239,1153.23791503906
947,precipitation947,15.03008913,102.51586991,178.158889770508
948,precipitation948,15.20403664,105.1116647,137.106002807617
949,precipitation949,15.22585046,104.22066663,121.8798828125
950,precipitation950,15.17780047,105.69373483,96.7961883544922
951,precipitation951,15.17627415,103.11733787,152.668838500977
952,precipitation952,15.14880392,102.39865139,150.761184692383
953,precipitation953,15.10717316,105.26415068,125.27872467041
954,precipitation954,15.08549004,104.49539863,124.449226379395
955,precipitation955,15.12546887,104.41181086,148.807113647461
956,precipitation956,15.2220966,104.61350851,119.713180541992
957,precipitation957,15.18423921,106.71685555,487.773162841797
958,precipitation958,15.10711689,102.14225767,171.976165771484
959,precipitation959,15.21384548,103.44539995,140.232650756836
960,precipitation960,15.25234499,101.79578045,196.044006347656
961,precipitation961,15.11067416,102.08210246,160.210952758789
962,precipitation962,15.03368748,106.75556917,960.265441894531
963,precipitation963,15.11816338,105.59630086,104.374183654785
964,precipitation964,15.15204421,105.84717975,420.501861572266
965,precipitation965,15.10845718,103.61648876,139.412322998047
966,precipitation966,15.08839176,101.89324009,199.445495605469
967,precipitation967,15.12357859,107.31063221,412.785858154297
968,precipitation968,15.19453245,107.10464368,990.76708984375
969,precipitation969,15.1776893,107.20541195,794.655822753906
970,precipitation970,15.02408384,103.82637347,146.473175048828
971,precipitation971,15.18644025,103.93140259,135.204284667969
972,precipitation972,15.00814852,107.36917428,1218.07727050781
973,precipitation973,14.99583424,104.9259677,144.43034362793
974,precipitation974,15.07227497,103.34490059,163.259811401367
975,precipitation975,15.04223721,104.81765629,124.667778015137
976,precipitation976,15.04147066,106.89473678,105.302215576172
977,precipitation977,14.92552454,107.09504942,634.931701660156
978,precipitation978,14.71282997,103.50567169,154.386093139648
979,precipitation979,14.83180067,103.351345,152.496978759766
980,precipitation980,14.86020602,103.90062349,141.361633300781
981,precipitation981,14.968839,105.8146871,147.14762878418
982,precipitation982,14.84194886,105.92938954,90.7560348510742
983,precipitation983,14.71218119,104.56672713,143.5390625
984,precipitation984,14.79383131,105.15638697,146.725280761719
985,precipitation985,14.77627167,104.93333039,140.042297363281
986,precipitation986,14.67816238,101.57681557,372.523986816406
987,precipitation987,14.70753373,104.02390037,151
988,precipitation988,14.81253295,102.41877363,179.222183227539
989,precipitation989,14.82895431,106.76418198,78.7054977416992
990,precipitation990,15.01677304,106.44855872,886.1962890625
991,precipitation991,14.97622109,106.35820091,593.228515625
992,precipitation992,14.75592747,106.78625734,90.4131240844727
993,precipitation993,14.80026463,107.50579613,323.020751953125
994,precipitation994,14.78303509,105.91511488,84.9288864135742
995,precipitation995,14.81102287,106.02411794,200.491714477539
996,precipitation996,14.75333883,103.29028853,160.013305664062
997,precipitation997,14.69126796,101.80265154,262.993286132812
998,precipitation998,14.84983661,106.1526444,241.311569213867
999,precipitation999,14.64269619,106.86021106,282.504241943359
1000,precipitation1000,14.74489874,101.98384868,211.3046875
1001,precipitation1001,14.73975339,107.16492037,206.615081787109
1002,precipitation1002,14.53384595,104.13172481,203.004821777344
1003,precipitation1003,14.68842862,102.15150369,182.13427734375
1004,precipitation1004,14.89569434,102.20254283,172.928573608398
1005,precipitation1005,14.76035086,102.72347365,203.039901733398
1006,precipitation1006,14.58756949,103.40878741,166.069320678711
1007,precipitation1007,14.6890417,103.25418887,134.079513549805
1008,precipitation1008,14.71563166,106.67985668,80.1519241333008
1009,precipitation1009,14.70476636,104.09185956,149.520309448242
1010,precipitation1010,14.59795171,102.57101757,212.378768920898
1011,precipitation1011,14.57269521,103.76058315,178.229919433594
1012,precipitation1012,14.72285783,106.19503446,150.100891113281
1013,precipitation1013,14.87604121,106.27787623,323.49951171875
1014,precipitation1014,14.57688342,103.86489777,177.479125976562
1015,precipitation1015,14.72040312,107.69940978,652.37353515625
1016,precipitation1016,14.78152947,107.86109687,753.0625
1017,precipitation1017,14.59919689,106.04437238,280.537994384766
1018,precipitation1018,14.66597967,103.08047813,160.210037231445
1019,precipitation1019,14.51809213,103.34192028,173.379241943359
1020,precipitation1020,14.61559485,107.42502038,485.544006347656
1021,precipitation1021,14.80047237,104.44472866,140.189071655273
1022,precipitation1022,14.4957566,104.33361148,258.024627685547
1023,precipitation1023,14.60364205,107.80649222,667.411987304688
1024,precipitation1024,14.79255532,107.97942367,1108.08471679688
1025,precipitation1025,14.58903412,104.89964822,150.739883422852
1026,precipitation1026,14.62141089,104.21498306,150.051223754883
1027,precipitation1027,14.47947448,104.05587365,187.874771118164
1028,precipitation1028,14.8121396,105.40986903,155.343780517578
1029,precipitation1029,14.54412535,101.99125342,223.468032836914
1030,precipitation1030,14.74495529,103.69451909,149.241516113281
1031,precipitation1031,14.58615883,101.42972183,432.592498779297
1032,precipitation1032,14.49072066,104.43724821,235.260192871094
1033,precipitation1033,14.48454295,103.97040505,196.725082397461
1034,precipitation1034,14.60456364,103.18899144,150.818344116211
1035,precipitation1035,14.58924027,102.1433606,189.315689086914
1036,precipitation1036,14.60079166,104.65302805,162.050720214844
1037,precipitation1037,14.78496207,105.68296895,112.018295288086
1038,precipitation1038,14.65723747,105.9009955,93.0040588378906
1039,precipitation1039,14.52034736,102.91463135,196.793182373047
1040,precipitation1040,14.65085282,108.12766897,678.056396484375
1041,precipitation1041,14.75164299,108.20186823,1200.05749511719
1042,precipitation1042,14.48142242,108.1843922,551.366394042969
1043,precipitation1043,14.47632881,108.31824332,747.768676757812
1044,precipitation1044,14.70255258,106.51746665,71.5253753662109
1045,precipitation1045,14.5924105,106.51058329,93.3037490844727
1046,precipitation1046,14.49778445,101.75199346,288.048004150391
1047,precipitation1047,14.60707688,102.80067504,184.294540405273
1048,precipitation1048,14.41651589,103.25715524,174.556091308594
1049,precipitation1049,14.40935949,103.0822063,197.190505981445
1050,precipitation1050,14.71195089,106.36896323,140.825332641602
1051,precipitation1051,14.33608448,105.49863568,108.320533752441
1052,precipitation1052,14.14829974,105.53390554,100.222671508789
1053,precipitation1053,14.225775,105.34861009,120.298843383789
1054,precipitation1054,14.04808909,105.41874645,114.55696105957
1055,precipitation1055,14.27564344,107.09906527,526.132629394531
1056,precipitation1056,14.23904237,105.70819795,122.612129211426
1057,precipitation1057,14.2248351,105.80709203,101.172355651855
1058,precipitation1058,14.10249398,105.66693768,96.8110656738281
1059,precipitation1059,14.07234247,107.15026584,112.3125
1060,precipitation1060,14.32504292,107.30930062,585.282348632812
1061,precipitation1061,14.12178773,108.10393948,803.64599609375
1062,precipitation1062,14.17397003,107.78333496,914.692504882812
1063,precipitation1063,14.08637147,107.09378784,106.811470031738
1064,precipitation1064,14.14749656,106.61973912,232.043746948242
1065,precipitation1065,13.99525431,106.58400256,86.2667922973633
1066,precipitation1066,14.20626657,106.47228656,83.0120315551758
1067,precipitation1067,14.01655073,106.36989129,65.7747268676758
1068,precipitation1068,14.12630795,106.11952757,92.1835021972656
1069,precipitation1069,14.20733116,106.31526235,75.9545669555664
1070,precipitation1070,13.99335937,107.80949724,512.100708007812
1071,precipitation1071,13.97799905,106.278127,82.394889831543
1072,precipitation1072,13.9820447,106.29151553,71.1375427246094
1073,precipitation1073,13.92310985,107.09600457,157.360931396484
1074,precipitation1074,14.29247187,107.52915994,515.496276855469
1075,precipitation1075,14.03610762,107.57216992,399.145446777344
1076,precipitation1076,14.17003932,106.8581229,260.157196044922
1077,precipitation1077,14.07945475,106.99730181,115.782608032227
1078,precipitation1078,14.00877719,106.1454541,87.6608657836914
1079,precipitation1079,13.92518495,106.36666738,76.2690658569336
1080,precipitation1080,13.95842087,106.74991627,104.398330688477
1081,precipitation1081,13.90902414,106.89757568,234.477432250977
1082,precipitation1082,13.98232511,105.83430333,76.9260482788086
1083,precipitation1083,14.00859636,106.00358628,93.2481384277344
1084,precipitation1084,13.88940934,106.72129482,94.1545791625977
1085,precipitation1085,13.77085912,106.87111352,151.015106201172
1086,precipitation1086,13.88269424,107.52415425,323.066314697266
1087,precipitation1087,13.82650277,107.61012871,327.324035644531
1088,precipitation1088,13.83938394,107.29420552,137.898254394531
1089,precipitation1089,13.84196807,105.67385998,117.272003173828
1090,precipitation1090,13.86130857,106.02304286,79.2545776367188
1091,precipitation1091,13.79401955,106.61961438,85.177978515625
1092,precipitation1092,13.62747634,106.63464816,82.0044937133789
1093,precipitation1093,13.67329673,106.40713134,90.0705032348633
1094,precipitation1094,13.77343582,106.21687124,59.1805152893066
1095,precipitation1095,13.52242394,106.13975852,60.8205909729004
1096,precipitation1096,13.68828097,106.01906302,44.3384704589844
1097,precipitation1097,13.54411486,105.99693038,25.2570514678955
1098,precipitation1098,13.59484207,106.7969144,116.623497009277
1099,precipitation1099,13.5689531,108.03822801,280.679992675781
1100,precipitation1100,13.46069274,106.67619878,69.6306838989258
1101,precipitation1101,13.03283383,108.00968544,243.482604980469
1102,precipitation1102,13.08011312,105.84454974,82.6925506591797
1103,precipitation1103,13.10587507,105.98788502,45.1824989318848
1104,precipitation1104,13.16869432,106.52172055,108.651260375977
1105,precipitation1105,13.04166242,106.18080911,36.7438621520996
1106,precipitation1106,13.03971586,107.4302163,163.727890014648
1107,precipitation1107,12.91440727,107.33729294,224.33073425293
1108,precipitation1108,13.05559435,106.40835874,76.2597503662109
1109,precipitation1109,12.95758146,106.28922056,54.3662910461426
1110,precipitation1110,12.98800174,107.05106047,132.588027954102
1111,precipitation1111,12.97273731,107.48374067,173.783981323242
1112,precipitation1112,12.85079686,106.94832827,205.728515625
1113,precipitation1113,12.94746683,107.612661,181.188629150391
1114,precipitation1114,12.95219316,107.75565528,199.999099731445
1115,precipitation1115,12.93170337,106.64757759,120.140998840332
1116,precipitation1116,12.93301418,107.829196,219.563934326172
1117,precipitation1117,12.91739609,105.79434634,62.9376945495605
1118,precipitation1118,12.95334166,105.94131289,48.0176200866699
1119,precipitation1119,12.7324896,107.65478525,314.697326660156
1120,precipitation1120,12.67177239,107.71114803,390.955108642578
1121,precipitation1121,12.85091501,108.05319841,416.063201904297
1122,precipitation1122,12.81718897,105.92888354,38.45703125
1123,precipitation1123,12.88597174,106.10795549,56.0387840270996
1124,precipitation1124,12.77621966,105.94972734,-10
1125,precipitation1125,12.69907964,107.11076859,293.733245849609
1126,precipitation1126,12.60474024,106.50215652,76.0912628173828
1127,precipitation1127,12.41607276,107.73957825,637.097839355469
1128,precipitation1128,12.43222609,106.48904589,70.1101837158203
1129,precipitation1129,12.58437616,106.96152129,226.908996582031
1130,precipitation1130,12.41667895,108.2058845,415.313385009766
1131,precipitation1131,12.39687215,107.90445294,438.832000732422
1132,precipitation1132,12.37028023,106.27154293,12.1695995330811
1133,precipitation1133,12.28030083,107.82097547,834.935546875
1134,precipitation1134,12.28327144,108.0770604,936.763732910156
1135,precipitation1135,12.22791166,108.41583438,1028.95397949219
1136,precipitation1136,12.15997685,108.11561198,491.766723632812
1137,precipitation1137,12.04817509,108.15443555,635.790832519531
1138,precipitation1138,12.06290426,107.94387599,592.370178222656
